722.672
725.054
726.483
729.849
734.453
738.042
737.628
737.663
732.927
724.356
714.963
703.271
687.603
666.758
639.673
613.392
590.966
568.823
549.774
533.697
518.622
505.130
492.098
482.725
474.440
466.814
460.667
455.244
451.234
449.148
447.417
446.021
445.444
443.893
442.471
441.203
439.577
437.990
436.752
435.835
434.780
433.504
432.176
431.118
429.158
427.544
426.085
425.646
425.567
425.361
425.229
424.910
425.383
425.353
425.146
425.697
425.734
426.315
427.054
427.966
428.328
428.976
429.376
429.237
428.929
429.005
429.580
429.450
429.195
429.607
430.722
431.682
432.701
433.080
434.031
434.738
435.447
436.562
437.721
438.596
439.103
439.560
440.126
440.778
441.508
442.110
442.036
441.357
441.020
441.066
441.070
441.129
440.448
441.276
441.148
441.356
441.658
442.521
443.079
443.799
443.854
444.034
444.568
445.467
446.584
447.647
448.703
449.337
449.813
449.626
449.363
448.493
446.958
445.271
443.378
441.330
438.943
436.089
433.127
430.346
427.477
425.172
423.139
421.103
419.776
418.426
417.147
416.060
414.499
413.265
412.751
412.223
411.826
411.407
410.751
410.085
409.540
409.073
408.262
407.000
405.953
404.917
403.642
402.056
401.022
399.871
399.018
398.070
397.066
396.216
395.508
394.535
393.436
392.121
390.166
388.619
386.804
385.111
383.026
381.267
378.849
376.022
373.979
371.844
369.519
367.231
364.642
362.681
359.907
358.570
357.992
357.671
357.702
358.494
358.990
359.616
360.380
361.310
362.259
363.273
363.955
364.336
364.678
364.342
364.257
363.760
362.965
362.686
361.280
360.608
358.504
356.966
355.010
353.650
351.893
350.911
350.015
349.392
348.096
346.511
345.499
343.433
342.384
341.561
340.933
339.788
